0 0.9140625 0.44453125 0.171875 0.3265625
0 0.8296875 0.540625 0.1640625 0.2859375
0 0.87734375 0.203125 0.175 0.240625
0 0.71328125 0.15703125 0.15 0.2421875
0 0.63046875 0.5421875 0.1765625 0.2796875
0 0.5375 0.45625 0.15 0.2578125
0 0.4578125 0.18515625 0.1265625 0.2203125
0 0.37734375 0.18359375 0.1109375 0.1703125
0 0.36015625 0.546875 0.1625 0.2546875
0 0.29296875 0.17578125 0.1046875 0.175
0 0.17109375 0.17734375 0.1328125 0.21875
0 0.05234375 0.1828125 0.1046875 0.23125
0 0.14375 0.4921875 0.1546875 0.234375