0 0.1109375 0.015625 0.04375 0.03125
0 0.975 0.19375 0.05 0.203125
0 0.13203125 0.0578125 0.1171875 0.115625
0 0.56015625 0.2015625 0.1359375 0.2265625
0 0.1390625 0.1765625 0.1453125 0.2265625
0 0.70703125 0.309375 0.1515625 0.24375
0 0.31796875 0.24296875 0.1578125 0.2390625
0 0.9484375 0.553125 0.103125 0.271875
0 0.1234375 0.51484375 0.1234375 0.2203125
0 0.50390625 0.61328125 0.1546875 0.2578125
0 0.06875 0.59140625 0.1375 0.2484375
0 0.540625 0.7375 0.1734375 0.2703125
0 0.01875 0.69765625 0.0375 0.2765625
0 0.33984375 0.01953125 0.1046875 0.0390625
0 0.59296875 0.05 0.1140625 0.1
0 0.76875 0.090625 0.1078125 0.103125
0 0.29921875 0.83984375 0.1640625 0.240625
0 0.87109375 0.1140625 0.1109375 0.1078125