0 0.0578125 0.10078125 0.1 0.1875
0 0.95859375 0.09375 0.0703125 0.1875
0 0.5078125 0.19296875 0.0984375 0.215625
0 0.928125 0.24921875 0.1078125 0.2125
0 0.34296875 0.27109375 0.1109375 0.2296875
0 0.73828125 0.28125 0.11875 0.221875
0 0.04140625 0.46328125 0.0828125 0.2640625
0 0.87890625 0.58671875 0.0859375 0.209375
0 0.484375 0.609375 0.1109375 0.24375
0 0.9234375 0.67421875 0.1078125 0.234375
0 0.42421875 0.725 0.1296875 0.2515625
0 0.9765625 0.79296875 0.046875 0.2703125
0 0.76484375 0.03359375 0.0921875 0.0671875
0 0.5046875 0.0390625 0.1 0.078125
0 0.32265625 0.0453125 0.09375 0.0859375
0 0.64296875 0.87265625 0.125 0.2234375
0 0.2171875 0.04921875 0.0953125 0.090625