0 0.31796875 0.13515625 0.1265625 0.2046875
0 0.05703125 0.20078125 0.1046875 0.165625
0 0.57578125 0.1265625 0.0734375 0.11875
0 0.62890625 0.13828125 0.128125 0.2109375
0 0.8328125 0.1359375 0.1453125 0.215625
0 0.153125 0.32890625 0.128125 0.225
0 0.325 0.31953125 0.1125 0.1875
0 0.453125 0.3515625 0.2328125 0.3625
0 0.30859375 0.4890625 0.1421875 0.25
0 0.246875 0.0625 0.05 0.046875
0 0.775 0.590625 0.1796875 0.29375
0 0.409375 0.0375 0.05 0.0640625
0 0.18046875 0.8234375 0.1421875 0.2171875
0 0.46484375 0.06171875 0.0984375 0.1234375