0 0.4671875 0.79765625 0.05625 0.078125
0 0.76171875 0.73671875 0.08125 0.1046875
0 0.19140625 0.10703125 0.0390625 0.0515625
0 0.115625 0.9140625 0.053125 0.0796875
0 0.63125 0.796875 0.04375 0.065625
0 0.1578125 0.92734375 0.05625 0.0765625
0 0.4390625 0.88046875 0.05625 0.0765625
0 0.2546875 0.096875 0.040625 0.053125
0 0.55703125 0.90078125 0.065625 0.0859375
0 0.59375 0.0203125 0.0375 0.040625
0 0.18046875 0.1203125 0.0375 0.05
0 0.03828125 0.15703125 0.0328125 0.0421875
0 0.34921875 0.978125 0.0671875 0.04375
0 0.08828125 0.14921875 0.034375 0.040625
0 0.71640625 0.9296875 0.059375 0.0703125
0 0.88984375 0.8875 0.059375 0.06875
0 0.3609375 0.08984375 0.0390625 0.0515625
0 0.47578125 0.06328125 0.0390625 0.053125
0 0.16015625 0.14296875 0.0375 0.05
0 0.5078125 0.06484375 0.0375 0.05
0 0.62265625 0.0453125 0.0390625 0.0515625
0 0.22734375 0.1578125 0.0375 0.053125
0 0.4125 0.115625 0.040625 0.05
0 0.1625 0.18203125 0.034375 0.04375
0 0.665625 0.06171875 0.0359375 0.046875
0 0.265625 0.18046875 0.040625 0.05625
0 0.075 0.2296875 0.040625 0.0546875
0 0.02734375 0.2421875 0.040625 0.053125
0 0.85390625 0.03984375 0.0453125 0.0546875
0 0.29375 0.19921875 0.040625 0.05625
0 0.86484375 0.06953125 0.040625 0.05625
0 0.20859375 0.23828125 0.0421875 0.0578125
0 0.61640625 0.1375 0.04375 0.059375
0 0.53671875 0.1578125 0.04375 0.05625
0 0.059375 0.29609375 0.0421875 0.05625
0 0.4296875 0.21796875 0.0453125 0.0625
0 0.14765625 0.28984375 0.046875 0.0640625
0 0.70703125 0.1515625 0.040625 0.053125
0 0.6046875 0.1859375 0.04375 0.065625
0 0.74453125 0.15546875 0.0421875 0.0578125
0 0.65546875 0.19921875 0.0453125 0.059375
0 0.01796875 0.36328125 0.0328125 0.04375
0 0.74296875 0.19140625 0.04375 0.059375
0 0.08046875 0.3578125 0.0453125 0.0609375
0 0.83125 0.178125 0.0484375 0.0640625
0 0.70078125 0.21171875 0.04375 0.059375
0 0.31171875 0.31328125 0.046875 0.06875
0 0.3875 0.29609375 0.0453125 0.065625
0 0.59296875 0.24765625 0.0421875 0.0578125
0 0.12421875 0.37265625 0.0546875 0.06875
0 0.0625 0.4046875 0.05 0.0640625
0 0.01953125 0.41796875 0.0390625 0.0703125
0 0.50390625 0.29765625 0.0578125 0.0734375
0 0.40703125 0.34765625 0.0484375 0.06875
0 0.4875 0.346875 0.053125 0.0734375
0 0.8609375 0.259375 0.0515625 0.06875
0 0.63984375 0.31875 0.040625 0.053125
0 0.5546875 0.340625 0.05 0.0609375
0 0.06875 0.4625 0.0515625 0.0703125
0 0.43515625 0.371875 0.05625 0.0796875
0 0.82421875 0.27890625 0.0484375 0.0671875
0 0.29921875 0.4140625 0.0515625 0.071875
0 0.36484375 0.4015625 0.0625 0.0890625
0 0.0078125 0.1203125 0.015625 0.028125
0 0.734375 0.32578125 0.0515625 0.06875
0 0.2296875 0.453125 0.0578125 0.0734375
0 0.28125 0.4609375 0.059375 0.084375
0 0.053125 0.53203125 0.0546875 0.078125
0 0.5609375 0.409375 0.04375 0.0609375
0 0.2640625 0.50703125 0.0609375 0.0875
0 0.71953125 0.39765625 0.040625 0.05
0 0.94921875 0.3421875 0.0515625 0.06875
0 0.64296875 0.4203125 0.046875 0.065625
0 0.5015625 0.45546875 0.040625 0.05625
0 0.08046875 0.5640625 0.0625 0.084375
0 0.8921875 0.36875 0.0671875 0.078125
0 0.4765625 0.015625 0.034375 0.03125
0 0.4125 0.54609375 0.046875 0.0671875
0 0.746875 0.4765625 0.0296875 0.0375
0 0.2796875 0.5953125 0.05 0.065625
0 0.546875 0.00703125 0.034375 0.0140625
0 0.05 0.65390625 0.0453125 0.0640625
0 0.5671875 0.5328125 0.05 0.065625
0 0.31171875 0.61015625 0.05 0.071875
0 0.74609375 0.5109375 0.046875 0.06875
0 0.31640625 0.053125 0.0375 0.05
0 0.9375 0.465625 0.0546875 0.075
0 0.56015625 0.58359375 0.05 0.06875
0 0.0671875 0.72890625 0.0515625 0.071875
0 0.7859375 0.5515625 0.053125 0.071875
0 0.671875 0.5953125 0.0515625 0.071875
0 0.8984375 0.546875 0.0515625 0.0734375
0 0.5078125 0.01875 0.0375 0.0375
0 0.42109375 0.03515625 0.0328125 0.04375
0 0.215625 0.08671875 0.0328125 0.04375
0 0.05703125 0.12890625 0.0375 0.053125
0 0.68671875 0.6734375 0.046875 0.071875
0 0.99296875 0.5984375 0.0140625 0.065625
0 0.66015625 0.696875 0.0515625 0.075
0 0.38671875 0.05078125 0.03125 0.034375