0 0.32421875 0.1875 0.065625 0.090625
0 0.8234375 0.20078125 0.06875 0.103125
0 0.70234375 0.20234375 0.046875 0.0984375
0 0.13828125 0.2125 0.071875 0.078125
0 0.75 0.22734375 0.0984375 0.171875
0 0.0796875 0.22734375 0.040625 0.0953125
0 0.5671875 0.25 0.0625 0.115625
0 0.2578125 0.26328125 0.0484375 0.096875
0 0.38984375 0.2640625 0.0625 0.0953125
0 0.92890625 0.26875 0.10625 0.1921875
0 0.4828125 0.2859375 0.11875 0.259375
0 0.81640625 0.296875 0.0671875 0.0859375
0 0.6265625 0.3015625 0.0609375 0.125
0 0.834375 0.0296875 0.059375 0.059375
0 0.3078125 0.3640625 0.0671875 0.1265625
0 0.3078125 0.03671875 0.053125 0.0734375
0 0.68203125 0.40546875 0.1 0.2
0 0.20859375 0.42109375 0.115625 0.253125
0 0.36875 0.42265625 0.115625 0.10625
0 0.06171875 0.4296875 0.1234375 0.2609375
0 0.82890625 0.48125 0.0875 0.178125
0 0.64453125 0.59296875 0.128125 0.2921875
0 0.35703125 0.59609375 0.1609375 0.3078125
0 0.15546875 0.61328125 0.1125 0.1390625
0 0.14375 0.0640625 0.08125 0.125
0 0.97421875 0.065625 0.0515625 0.13125
0 0.0625 0.7015625 0.0578125 0.13125
0 0.4578125 0.721875 0.075 0.11875
0 0.74921875 0.73515625 0.128125 0.25625
0 0.09765625 0.76328125 0.04375 0.1140625
0 0.20859375 0.796875 0.184375 0.3859375
0 0.9515625 0.7984375 0.0875 0.09375
0 0.73515625 0.07578125 0.096875 0.1375
0 0.496875 0.08046875 0.1046875 0.159375
0 0.6234375 0.08515625 0.1 0.1640625
0 0.7203125 0.91640625 0.134375 0.1390625
0 0.3625 0.925 0.1265625 0.128125
0 0.22734375 0.0890625 0.0859375 0.1671875
0 0.07890625 0.0890625 0.084375 0.178125
0 0.85234375 0.10703125 0.084375 0.159375
0 0.34296875 0.1171875 0.0765625 0.10625
0 0.4359375 0.134375 0.059375 0.103125