0 0.28515625 0.265625 0.1140625 0.184375
0 0.39921875 0.2546875 0.1046875 0.18125
0 0.5328125 0.2765625 0.115625 0.190625
0 0.490625 0.02578125 0.04375 0.0515625
0 0.63203125 0.33828125 0.0875 0.103125
0 0.11015625 0.115625 0.0484375 0.0796875
0 0.40703125 0.4078125 0.121875 0.203125
0 0.15234375 0.10859375 0.046875 0.0671875
0 0.04921875 0.13671875 0.0640625 0.0859375
0 0.65078125 0.4453125 0.13125 0.2328125
0 0.44140625 0.0546875 0.0484375 0.071875
0 0.84296875 0.5109375 0.178125 0.284375
0 0.34453125 0.0859375 0.0671875 0.103125
0 0.2140625 0.11640625 0.040625 0.06875
0 0.01484375 0.1640625 0.0296875 0.075
0 0.63671875 0.053125 0.0828125 0.10625
0 0.24921875 0.153125 0.0515625 0.08125
0 0.1703125 0.18671875 0.065625 0.109375
0 0.67734375 0.07578125 0.0859375 0.1515625
0 0.109375 0.215625 0.078125 0.1359375
0 0.21796875 0.196875 0.0453125 0.0578125