0 0.64296875 0.17421875 0.059375 0.1359375
0 0.69609375 0.178125 0.0515625 0.13125
0 0.48515625 0.19140625 0.0328125 0.0796875
0 0.5703125 0.228125 0.03125 0.08125
0 0.81484375 0.2203125 0.0640625 0.1296875
0 0.925 0.22421875 0.0390625 0.0875
0 0.884375 0.23046875 0.0390625 0.0859375
0 0.7625 0.2609375 0.0296875 0.06875
0 0.35078125 0.3015625 0.0421875 0.0859375
0 0.23671875 0.30703125 0.0421875 0.09375
0 0.09140625 0.09140625 0.09375 0.15625
0 0.3890625 0.09296875 0.0875 0.18125
0 0.5046875 0.11171875 0.0765625 0.1609375