0 0.66484375 0.21640625 0.0578125 0.134375
0 0.71796875 0.22265625 0.05 0.13125
0 0.50703125 0.22578125 0.03125 0.0796875
0 0.01171875 0.240625 0.015625 0.096875
0 0.590625 0.265625 0.0296875 0.08125
0 0.834375 0.2703125 0.0609375 0.1296875
0 0.94453125 0.28046875 0.0375 0.0875
0 0.90390625 0.284375 0.0375 0.084375
0 0.7796875 0.309375 0.028125 0.06875
0 0.3671875 0.32734375 0.040625 0.084375
0 0.253125 0.32734375 0.040625 0.0921875
0 0.11953125 0.090625 0.0921875 0.18125
0 0.4171875 0.11796875 0.084375 0.1875
0 0.53046875 0.14765625 0.075 0.159375