0 0.403125 0.19453125 0.0484375 0.0875
0 0.60546875 0.21640625 0.0265625 0.046875
0 0.540625 0.2125 0.028125 0.040625
0 0.99765625 0.2484375 0.0046875 0.021875
0 0.73046875 0.2375 0.0109375 0.025
0 0.33046875 0.21796875 0.0109375 0.021875
0 0.296875 0.21796875 0.046875 0.0734375
0 0.66328125 0.23984375 0.05625 0.096875
0 0.8125 0.25 0.0078125 0.015625
0 0.85703125 0.2546875 0.01875 0.0359375
0 0.8296875 0.2546875 0.0078125 0.0109375
0 0.35703125 0.23203125 0.0109375 0.01875
0 0.7453125 0.25703125 0.0265625 0.0484375
0 0.49375 0.24921875 0.015625 0.0390625
0 0.2453125 0.25 0.0359375 0.0859375
0 0.5421875 0.421875 0.0515625 0.0734375
0 0.10546875 0.0703125 0.0984375 0.140625