0 0.36015625 0.2671875 0.0578125 0.0890625
0 0.55390625 0.23671875 0.0328125 0.0484375
0 0.4921875 0.25 0.0328125 0.0421875
0 0.93046875 0.16796875 0.015625 0.0234375
0 0.675 0.22578125 0.0140625 0.025
0 0.2984375 0.30703125 0.0140625 0.0234375
0 0.2671875 0.315625 0.05625 0.0765625
0 0.61328125 0.2453125 0.0671875 0.0984375
0 0.7546875 0.21640625 0.009375 0.015625
0 0.796875 0.2109375 0.0234375 0.0359375
0 0.77109375 0.2171875 0.009375 0.0109375
0 0.3265625 0.31328125 0.0125 0.01875
0 0.69296875 0.23984375 0.03125 0.0484375
0 0.4578125 0.2953125 0.0203125 0.0390625
0 0.22734375 0.35703125 0.046875 0.0859375
0 0.54609375 0.44296875 0.059375 0.0765625
0 0.053125 0.20625 0.10625 0.184375