0 0.1140625 0.27734375 0.015625 0.0234375
0 0.15859375 0.2875 0.0234375 0.0359375
0 0.05859375 0.27734375 0.0171875 0.025
0 0.28984375 0.31171875 0.0375 0.071875
0 0.03515625 0.29375 0.0359375 0.0828125
0 0.34921875 0.33828125 0.034375 0.059375
0 0.05390625 0.3078125 0.01875 0.0328125
0 0.1203125 0.3234375 0.021875 0.0421875
0 0.1375 0.33046875 0.0328125 0.065625
0 0.4734375 0.37265625 0.0296875 0.0640625
0 0.325 0.3734375 0.025 0.0453125
0 0.66875 0.428125 0.0484375 0.0875
0 0.21484375 0.38046875 0.1234375 0.209375
0 0.4171875 0.41875 0.090625 0.190625
0 0.05390625 0.38515625 0.0765625 0.125
0 0.3421875 0.44453125 0.078125 0.140625
0 0.6 0.48203125 0.0796875 0.1375
0 0.70078125 0.5125 0.0796875 0.146875
0 0.078125 0.48828125 0.0984375 0.14375
0 0.86875 0.64140625 0.2296875 0.4546875
0 0.46484375 0.6046875 0.128125 0.2359375
0 0.9421875 0.75859375 0.09375 0.284375