0 0.05625 0.3125 0.071875 0.109375
0 0.671875 0.3125 0.1375 0.2453125
0 0.4171875 0.3984375 0.2359375 0.4078125
0 0.3109375 0.43046875 0.1796875 0.353125
0 0.18671875 0.4671875 0.1546875 0.259375
0 0.04609375 0.521875 0.0921875 0.271875
0 0.58125 0.478125 0.1859375 0.3171875
0 0.103125 0.12734375 0.0453125 0.0703125
0 0.759375 0.534375 0.2140625 0.3765625
0 0.90546875 0.6125 0.1890625 0.55
0 0.321875 0.90546875 0.2125 0.1890625
0 0.16953125 0.1546875 0.034375 0.0609375
0 0.4625 0.09453125 0.0484375 0.0703125
0 0.23515625 0.16953125 0.1015625 0.1625
0 0.30859375 0.1609375 0.05 0.084375
0 0.0234375 0.26484375 0.046875 0.2015625