0 0.5 0.34375 0.271875 0.475
0 0.22109375 0.3859375 0.2296875 0.3171875
0 0.9625 0.46796875 0.075 0.1359375
0 0.60625 0.453125 0.0515625 0.1328125
0 0.7984375 0.4671875 0.0984375 0.2046875
0 0.109375 0.43515625 0.065625 0.13125
0 0.725 0.46953125 0.14375 0.2359375
0 0.05703125 0.43671875 0.0328125 0.0765625
0 0.33203125 0.4578125 0.034375 0.059375
0 0.8484375 0.484375 0.04375 0.10625
0 0.38359375 0.4640625 0.0515625 0.1203125
0 0.65390625 0.51484375 0.0328125 0.0578125
0 0.96328125 0.609375 0.071875 0.1890625