0 0.73515625 0.1734375 0.0671875 0.1171875
0 0.7 0.18984375 0.01875 0.05625
0 0.5515625 0.2015625 0.05 0.075
0 0.3765625 0.21875 0.0265625 0.0484375
0 0.1546875 0.23828125 0.0984375 0.15
0 0.596875 0.21875 0.0421875 0.0640625
0 0.48125 0.2265625 0.05625 0.0875
0 0.8234375 0.22890625 0.0234375 0.04375
0 0.0625 0.2859375 0.0765625 0.1453125
0 0.23203125 0.284375 0.06875 0.103125
0 0.53125 0.2765625 0.0609375 0.0875
0 0.65703125 0.27890625 0.0328125 0.04375
0 0.34453125 0.2953125 0.0515625 0.084375