0 0.834375 0.1375 0.0609375 0.0828125
0 0.98125 0.17265625 0.0375 0.0671875
0 0.73125 0.12890625 0.059375 0.0859375
0 0.49140625 0.0875 0.0421875 0.059375
0 0.65703125 0.1265625 0.046875 0.071875
0 0.75859375 0.18203125 0.0671875 0.10625
0 0.596875 0.171875 0.059375 0.090625
0 0.67265625 0.1890625 0.0703125 0.121875
0 0.69765625 0.31171875 0.06875 0.0796875
0 0.603125 0.3046875 0.0796875 0.1375
0 0.53828125 0.3421875 0.096875 0.16875
0 0.771875 0.4359375 0.1234375 0.225
0 0.68046875 0.44453125 0.121875 0.2203125
0 0.6109375 0.440625 0.0984375 0.13125
0 0.11640625 0.36796875 0.2328125 0.4578125
0 0.55234375 0.540625 0.0953125 0.13125
0 0.40703125 0.6125 0.240625 0.4046875
0 0.5484375 0.0265625 0.0328125 0.053125
0 0.81484375 0.78125 0.1828125 0.33125
0 0.5109375 0.7578125 0.1765625 0.365625
0 0.65859375 0.80078125 0.2703125 0.3984375
0 0.490625 0.0234375 0.028125 0.046875
0 0.51484375 0.0328125 0.0375 0.05625