0 0.28125 0.34921875 0.0296875 0.0484375
0 0.19765625 0.371875 0.0296875 0.0484375
0 0.30234375 0.3765625 0.03125 0.05625
0 0.27421875 0.39609375 0.0296875 0.040625
0 0.4921875 0.3515625 0.040625 0.0640625
0 0.5375 0.34609375 0.0484375 0.0703125
0 0.44453125 0.36640625 0.0296875 0.046875
0 0.1734375 0.428125 0.05 0.0796875
0 0.65234375 0.3421875 0.03125 0.053125
0 0.7140625 0.33125 0.0359375 0.046875
0 0.609375 0.35859375 0.040625 0.06875
0 0.0375 0.48828125 0.075 0.1765625
0 0.909375 0.30234375 0.0265625 0.0421875
0 0.92578125 0.3046875 0.0328125 0.0515625
0 0.88046875 0.31484375 0.0359375 0.053125
0 0.85546875 0.3203125 0.040625 0.0625
0 0.38828125 0.42265625 0.0546875 0.0953125
0 0.83359375 0.33828125 0.0265625 0.0421875
0 0.09375 0.496875 0.0625 0.0984375
0 0.6765625 0.38046875 0.0625 0.090625
0 0.95546875 0.3328125 0.046875 0.0734375
0 0.5328125 0.43515625 0.0625 0.0921875
0 0.4796875 0.4484375 0.0625 0.109375
0 0.7453125 0.4046875 0.0890625 0.1546875
0 0.94140625 0.371875 0.05625 0.090625
0 0.3328125 0.5046875 0.090625 0.1484375
0 0.44296875 0.48203125 0.0796875 0.1203125
0 0.653125 0.45625 0.0578125 0.0984375
0 0.809375 0.4296875 0.121875 0.196875
0 0.87578125 0.453125 0.0828125 0.1171875
0 0.49296875 0.59921875 0.1484375 0.228125
0 0.58984375 0.6 0.0765625 0.128125
0 0.23671875 0.68125 0.290625 0.478125
0 0.70390625 0.6046875 0.1375 0.2125