0 0.3859375 0.23515625 0.025 0.05
0 0.29296875 0.2359375 0.025 0.05
0 0.4 0.26953125 0.025 0.0578125
0 0.365625 0.28203125 0.0265625 0.040625
0 0.60390625 0.29609375 0.0328125 0.065625
0 0.65234375 0.30234375 0.040625 0.0703125
0 0.55078125 0.29765625 0.0234375 0.0484375
0 0.25234375 0.28671875 0.0421875 0.08125
0 0.77265625 0.33046875 0.0265625 0.0546875
0 0.83984375 0.3359375 0.03125 0.0453125
0 0.7234375 0.3359375 0.0328125 0.0703125
0 0.06953125 0.3078125 0.10625 0.1828125
0 0.9859375 0.365625 0.028125 0.0625
0 0.47734375 0.34140625 0.0453125 0.0984375
0 0.9609375 0.3765625 0.021875 0.04375
0 0.15 0.3359375 0.053125 0.1015625
0 0.7875 0.3765625 0.053125 0.0921875
0 0.621875 0.39296875 0.053125 0.09375
0 0.56328125 0.39296875 0.05 0.1125
0 0.8515625 0.42109375 0.0734375 0.159375
0 0.39609375 0.41015625 0.075 0.1515625
0 0.51640625 0.4171875 0.06875 0.121875
0 0.74140625 0.4484375 0.046875 0.1015625
0 0.91015625 0.4640625 0.103125 0.2015625
0 0.96796875 0.50703125 0.0640625 0.1171875
0 0.53671875 0.553125 0.1265625 0.23125
0 0.63671875 0.58046875 0.0640625 0.1328125
0 0.24765625 0.5671875 0.2421875 0.4875
0 0.753125 0.61640625 0.115625 0.215625