0 0.77734375 0.1859375 0.05 0.0875
0 0.90390625 0.203125 0.08125 0.1703125
0 0.5 0.234375 0.0875 0.196875
0 0.26328125 0.2265625 0.0984375 0.2109375
0 0.13828125 0.2546875 0.0984375 0.1890625
0 0.5578125 0.29609375 0.0890625 0.2109375
0 0.96875 0.35390625 0.0625 0.2109375
0 0.190625 0.38515625 0.0828125 0.1703125
0 0.87109375 0.4390625 0.0640625 0.1203125
0 0.62421875 0.48515625 0.0828125 0.1671875
0 0.43671875 0.5078125 0.13125 0.2890625
0 0.3328125 0.52109375 0.09375 0.2140625
0 0.18671875 0.5703125 0.0875 0.190625
0 0.8578125 0.61796875 0.1578125 0.309375
0 0.60078125 0.66015625 0.090625 0.2125
0 0.7203125 0.1484375 0.078125 0.1578125