0 0.765625 0.15546875 0.053125 0.0921875
0 0.90078125 0.1609375 0.0828125 0.1796875
0 0.4765625 0.23203125 0.090625 0.2078125
0 0.22578125 0.2453125 0.1015625 0.221875
0 0.09609375 0.2875 0.1015625 0.2
0 0.54375 0.290625 0.090625 0.2234375
0 0.97421875 0.315625 0.046875 0.221875
0 0.16328125 0.41953125 0.084375 0.1796875
0 0.8875 0.4140625 0.065625 0.1265625
0 0.63125 0.48515625 0.084375 0.1765625
0 0.43515625 0.52578125 0.134375 0.3046875
0 0.3265625 0.55 0.0953125 0.225
0 0.1765625 0.615625 0.0890625 0.2
0 0.890625 0.60390625 0.1625 0.3265625
0 0.6234375 0.67265625 0.0921875 0.2234375
0 0.7015625 0.12109375 0.0796875 0.165625