0 0.5859375 0.20078125 0.1484375 0.234375
0 0.43359375 0.3734375 0.0546875 0.10625
0 0.89765625 0.5203125 0.10625 0.1796875
0 0.790625 0.54765625 0.0453125 0.06875
0 0.36484375 0.4625 0.0359375 0.059375
0 0.72109375 0.56015625 0.046875 0.053125
0 0.32578125 0.46953125 0.0671875 0.1
0 0.384375 0.5046875 0.0421875 0.0609375
0 0.0890625 0.490625 0.046875 0.06875
0 0.121875 0.5390625 0.10625 0.159375
0 0.2890625 0.71171875 0.1640625 0.23125
0 0.1953125 0.746875 0.15625 0.23125
0 0.07578125 0.85859375 0.128125 0.13125