0 0.53515625 0.1203125 0.0484375 0.0765625
0 0.846875 0.15859375 0.0703125 0.121875
0 0.69453125 0.18203125 0.065625 0.121875
0 0.5046875 0.1765625 0.0703125 0.10625
0 0.41328125 0.17109375 0.078125 0.13125
0 0.459375 0.1859375 0.05 0.1015625
0 0.2578125 0.17734375 0.0796875 0.1203125
0 0.171875 0.171875 0.06875 0.1046875
0 0.8609375 0.2328125 0.0609375 0.1015625
0 0.52578125 0.2234375 0.0734375 0.140625
0 0.03671875 0.19375 0.034375 0.125
0 0.82109375 0.31015625 0.1015625 0.190625
0 0.5875 0.3046875 0.103125 0.1703125
0 0.71640625 0.3421875 0.1234375 0.209375
0 0.93984375 0.425 0.1203125 0.2625
0 0.8859375 0.42734375 0.0765625 0.165625
0 0.07421875 0.0359375 0.0234375 0.0390625