0 0.43203125 0.16328125 0.05625 0.0765625
0 0.7171875 0.096875 0.08125 0.11875
0 0.59140625 0.165625 0.078125 0.1203125
0 0.4234375 0.22109375 0.0796875 0.10625
0 0.3421875 0.2453125 0.0921875 0.1296875
0 0.38671875 0.24375 0.0609375 0.096875
0 0.2078125 0.30078125 0.090625 0.11875
0 0.13125 0.32421875 0.0796875 0.103125
0 0.75234375 0.15703125 0.0703125 0.1
0 0.45625 0.25546875 0.0890625 0.1375
0 0.021875 0.390625 0.04375 0.128125
0 0.74296875 0.2375 0.1203125 0.1859375
0 0.53671875 0.30625 0.1203125 0.16875
0 0.6609375 0.29921875 0.1453125 0.20625
0 0.89765625 0.29609375 0.178125 0.259375
0 0.83671875 0.31953125 0.096875 0.1609375
0 0.0078125 0.23515625 0.015625 0.0390625