0 0.7234375 0.1109375 0.1046875 0.1625
0 0.79609375 0.13828125 0.084375 0.128125
0 0.140625 0.05 0.10625 0.1
0 0.2765625 0.07265625 0.109375 0.1453125
0 0.09296875 0.05625 0.0546875 0.1125
0 0.98515625 0.21484375 0.0296875 0.2046875
0 0.21640625 0.06328125 0.078125 0.1171875
0 0.18046875 0.05625 0.0390625 0.0765625
0 0.5375 0.128125 0.0984375 0.165625
0 0.47734375 0.128125 0.1 0.1828125
0 0.590625 0.15390625 0.0921875 0.146875
0 0.659375 0.17578125 0.0921875 0.1546875
0 0.725 0.21640625 0.125 0.178125
0 0.4234375 0.16328125 0.075 0.1390625
0 0.9171875 0.2609375 0.121875 0.196875
0 0.31328125 0.1796875 0.1453125 0.2421875
0 0.37265625 0.2015625 0.0859375 0.146875
0 0.57265625 0.4203125 0.134375 0.1921875