0 0.7328125 0.103125 0.0859375 0.1625
0 0.80625 0.12578125 0.0703125 0.1203125
0 0.1578125 0.084375 0.0859375 0.159375
0 0.29375 0.10703125 0.0875 0.16875
0 0.0890625 0.10234375 0.084375 0.165625
0 0.2359375 0.121875 0.0640625 0.109375
0 0.20078125 0.11953125 0.0296875 0.0734375
0 0.5546875 0.146875 0.0796875 0.15625
0 0.496875 0.153125 0.078125 0.1734375
0 0.609375 0.165625 0.075 0.1375
0 0.678125 0.17890625 0.075 0.1453125
0 0.74765625 0.209375 0.103125 0.1640625
0 0.44921875 0.19453125 0.059375 0.13125
0 0.93828125 0.2296875 0.0984375 0.184375
0 0.34375 0.22265625 0.115625 0.228125
0 0.403125 0.2375 0.06875 0.1375
0 0.6234375 0.425 0.1125 0.178125